image_width: 640
image_height: 480
camera_name: depth_camera
camera_matrix:
  rows: 3
  cols: 3
  data: [469.443226, 0, 300.892984, 0, 465.9299, 243.819001, 0, 0, 1]
distortion_model: plumb_bob
distortion_coefficients:
  rows: 1
  cols: 5
  data: [-0.14053, -0.005094, -0.00215, -0.003627, 0]
rectification_matrix:
  rows: 3
  cols: 3
  data: [1, 0, 0, 0, 1, 0, 0, 0, 1]
projection_matrix:
  rows: 3
  cols: 4
  data: [430.258148, 0, 293.016927, 0, 0, 445.649292, 242.721593, 0, 0, 0, 1, 0]
